image_width: 640
image_height: 480
camera_name: narrow_stereo
camera_matrix:
  rows: 3
  cols: 3
  data: [570.453926, 0.000000, 303.695681, 0.000000, 569.828625, 242.190362, 0.000000, 0.000000, 1.000000]
distortion_model: plumb_bob
distortion_coefficients:
  rows: 1
  cols: 5
  data: [-0.110191, 0.142197, -0.004167, -0.007449, 0.000000]
rectification_matrix:
  rows: 3
  cols: 3
  data: [1.000000, 0.000000, 0.000000, 0.000000, 1.000000, 0.000000, 0.000000, 0.000000, 1.000000]
projection_matrix:
  rows: 3
  cols: 4
  data: [560.830017, 0.000000, 299.295987, 0.000000, 0.000000, 562.947876, 240.318170, 0.000000, 0.000000, 0.000000, 1.000000, 0.000000]
